0, 24 126 24 125 23 124 26 123 27 124 27 125 27 125;
1, 176 180 175 179 175 179;
2, 214 100 213 100 211 104 209 108 208 109 207 110 207 113 207 114 208 117 208 118 210 122 211 124 212 126 213 128 214 130 216 133 219 136 220 137 220 138 221 139;
3, 115 179 116 180 115 181 114 182 113 183 113 188 112 189 111 190 110 189 112 184 111 183 110 182 109 183 108 184 107 183 109 176;
4, 194 93 196 93 196 93 198 97 198 98 198 99 198 99;
5, 221 220 222 223 225 224 226 223 229 221 228 220 227 215 227 215;
6, 59 56 58 56 55 54 52 51 51 50 50 49 48 46 47 45 46 44 45 43 44 42 43 41 41 38 40 37 39 36 38 35 37 35 34 34 31 33 28 34 23 38 22 39 21 40 20 41 19 42 19 45 19 46 19 47 19 48 19 49 19 50 22 51 22 51 26 51 31 47 32 47 33 47 34 47 35 47 36 47 37 48 41 50 43 51 45 52 46 53 47 54 48 55 49 54 49 54;
7, 54 124 53 123 51 122 51 123;
8, 100 93 99 93 99 96 100 100 102 102 103 101 103 99 102 96 103 94 103 93 103 91 104 89 101 87 98 82 97 79 97 78 97 77 97 76 99 70 103 68 102 67 105 64 108 64 109 65 110 66 113 68 114 69 115 70 115 71 117 73 117 77 117 78 117 79 116 80 115 83 113 85 113 80 113 79 113 78 113 77 113 76 113 75 112 74 110 71 109 71 108 71 107 71 106 71 101 75 101 78 102 81 102 82 101 83 104 86 105 85 105 85;
9, 102 139 107 139 108 138 109 137 110 136 110 135 112 131 112 130 111 129 110 126 109 125 108 125 107 125 106 125 103 124 102 124 101 124 100 124 96 126 95 126 94 126 96 124 96 122 99 122 104 120 105 120 106 121 107 122 108 122;
10, 160 99 159 98 158 97 157 96 156 96 155 96 153 96 151 98 149 99 148 103 145 106 144 107 143 108 144 110;
11, 277 110 280 109 282 107 282 106 284 102 287 101 288 102 291 102 292 102 293 102 294 102 295 101 299 99 302 99 303 99 304 100 304 101 304 102 305 105 305 106 306 107 307 111 307 111 306 110 305 110 304 110 303 110 300 110 299 109 298 110 297 111 296 112 295 113 294 114 293 115 292 116 291 117 290 118 289 119 288 120 287 121 286 122 285 123 282 125 281 126 276 125 275 124 274 123 271 122 268 121 267 122;
12, 140 131 138 132;
13, 217 176 219 174 219 173 219 172 219 171 218 170 217 169 216 168 215 169 214 170 214 173 212 176 209 172 209 169 209 168 211 164 212 162 216 157 216 157 218 153 219 154 220 153 220 153;
14, 270 59 270 60 277 61 280 63 280 63;
15, 220 231 220 231;
16, 168 57 167 56 166 53 165 52 166 47 166 46 166 45 166 44 166 43 166 42 170 41 169 42 170 45 170 45;
17, 120 170 120 168 121 167;
18, 281 74 282 75 283 76 284 77 284 78 284 79 285 82 287 84 286 85 285 85 285 85;
19, 208 141 209 144 208 144 208 144;
20, 133 61 138 61 139 61 140 61 141 61 142 62 146 64 147 65 148 66 148 67 149 70 149 71 149 72 149 73 149 74 149 75 149 76 149 77 149 78 149 79 149 80 148 81 146 85 145 86 144 87 143 88 142 89 141 89 140 89 139 89 136 87 135 87 137 81 137 80 137 79 137 78 138 75 140 71 140 71 141 67 141 67 140 68 139 68 138 68 135 68 134 67 133 66 132 65 131 64 130 63 129 62 126 60;
21, 242 175 242 175;
22, 272 111 272 111 270 111 269 112 268 113 267 114 264 117 263 120 263 121 263 123 267 122 268 121 271 122 274 123 275 124 276 125 281 126 282 125 285 123 286 122 287 121 288 120 289 119 290 118 291 117 292 116 293 115 294 114 295 113 296 112 297 111 298 110 299 109 300 110 303 110 304 110 305 110 306 110 307 111 307 111;
23, 107 108 112 102 113 100 113 99 113 96 110 97 109 99 108 100 107 101 105 103 105 103;
24, 37 95 40 98 41 99 42 100 43 101 43 102 43 103 43 104 46 105 42 107 41 108 43 111 46 114 46 115 47 118 46 119 45 119 44 119 43 119 42 119 41 119 41 119 42 115 41 115 41 115;
25, 98 132 98 133 98 134 99 137 107 139 108 138 109 137 110 136 110 135 112 131 112 130 111 129 110 126 109 125 108 125 107 125 106 125 103 124 102 124 101 124 100 124 96 126 95 126 94 126 94 126;
26, 225 61 224 61 222 61 220 62 219 62 218 62 215 63 215 63;
27, 303 75 302 74 303 73 299 72 298 71 297 70 296 69 295 68 294 67 293 66 292 67 292 70 291 70 289 70 286 68 284 66 282 64 284 62 285 60 287 58 286 57 285 56 284 55 283 54 282 53 280 52 278 50 276 49 274 48 273 48 272 48 271 48 269 48 267 50 266 51 266 56 267 57 267 58 266 59 264 60 262 61 260 61 259 60 258 59 256 58 254 60 253 61 252 62 251 63 250 64 249 65 247 67 245 71 244 73 243 74 241 75 238 74 237 72 235 71 232 77 232 78 232 79 232 80 232 81 232 83 234 87 236 89 237 90 239 92 241 92 242 92 243 92 244 92 245 92 246 92 247 92 248 91 250 89 251 89;
28, 234 205 234 205 233 204 230 203 227 204 228 205 224 204 224 203 224 202 224 201 224 200 223 199 223 196 223 195 222 194 221 191 219 187 218 186 217 185 216 184 215 183 220 181 221 182 222 183 223 184 224 185 225 188 227 190 227 191 230 196 232 200 232 200;
29, 222 161 222 162 222 163 221 165 220 168 225 175 226 176 227 177 228 178 228 179 230 182 233 183 236 182 238 182 238 182;
30, 212 185 212 184 212 183 210 182 208 180 207 179 206 178 204 177 201 176 197 174 192 170 190 166 189 163 189 160 189 159 189 158 188 157 188 154 188 153 188 152 190 147 195 145 194 146 194 149 194 150 194 151 193 152 193 155 193 156 193 157 193 158 194 161 198 166 199 167 200 168 203 166 204 165 204 164 205 161 205 160 205 159 205 158 206 155 205 154 204 154 203 154 203 154 203 158 202 158 201 158 197 153 200 150 203 154 204 154 205 154 206 155 206 156 205 158 205 160 205 161 205 162 204 164 203 166 202 167 200 168 198 166 197 165 195 163 193 158 193 156 193 155 193 154 193 152 194 150 194 149 194 148 194 146 194 144 192 144 192 144 195 145 194 146 194 149 194 150 194 151 193 152 193 155 193 156 193 157 193 158 194 161 198 166 199 167 200 168 203 166 204 165 204 164 205 161 205 160 205 159 205 158 206 155 205 154 204 154 203 154 206 152 205 151 203 146 201 139 200 138 198 133 198 130 198 129 198 128 198 127 198 126 198 125 202 120 202 119 202 118 202 117 202 117;
31, 57 77 55 79 54 82 59 82 61 84 62 87 62 88 65 91 66 92 67 93 70 93 71 93 72 94 72 95 77 97 78 97 79 98 80 99 81 100 83 100 83 100;
32, 29 132 28 130 27 131 26 132 28 138 27 139 30 141;
33, 206 190 208 193 210 194 210 195 210 196 208 198 208 201 207 201 206 209 205 209 204 214 204 215 204 216 204 217 206 220 205 221 204 222 203 223 202 224 201 225 200 226 203 229 204 230 204 231 204 232 204 233 204 234 204 234;
34, 114 170 113 168 112 168 110 165;
35, 82 140 83 139 84 140 85 141 83 142 82 142 79 147 79 150 80 153 80 154 80 155 80 156 80 157 80 158 80 159 80 160 80 160 80 158 80 157 80 156 80 155 80 154 80 153 80 152 79 150 79 147 80 144 86 144 85 146 85 148 85 149 85 150 85 151 85 152 85 153 85 154 85 155 85 156 85 158 88 160 90 157 89 156 88 151 88 150 88 149 88 148 88 147 88 146 88 145 88 144 88 143 88 142 89 141 93 142 93 142 94 142 95 142 96 142 97 143 98 144 100 148 101 149 101 150 101 151 100 154 100 155 100 156 100 157 99 158 98 159 97 160 96 161 95 162 93 164 90 164 87 162 84 165 85 166 90 170 91 170 92 170 93 170 94 170 95 170 96 169 97 168 98 167 99 166 102 163 103 163 106 162 107 163 104 168 103 170 97 173 100 176 101 176 102 177 103 176 104 175 108 170 109 170 112 173 113 173 114 173 115 173 116 173 117 173 118 173 119 173 120 173 121 174 122 175;
36, 33 105 37 101 38 101 39 102 40 103 39 104 39 104;
37, 70 96;
38, 166 116 165 117 165 121 164 121 160 126 159 126 158 126 157 126 156 126 153 123 152 122 151 121 150 116 150 115 149 114 149 111 149 110 149 109 150 106 153 103 154 102 155 101 158 103 160 105 160 106 160 107 161 110 162 110 163 110 164 111 163 110 162 110 161 110 163 107 163 106 163 105 163 104 162 102 164 100 164 99 164 98 163 96 163 94 163 93 162 91 162 89 162 88 161 86 162 84 162 82 165 78 168 80 170 79 171 77 172 75 173 73 174 71 175 69 177 66 179 64 180 63 181 62 182 61 182 60 182 59 180 57 178 54 176 50 175 48 174 46 175 41 176 40 177 39 178 38 179 37 180 38 181 39 181 40 181 41 181 42 181 43 181 45 182 48 184 52 186 54 187 55 188 56 189 57 190 58 191 59 192 60 192 61 191 62 190 63 189 64 187 66 188 67;
39, 199 86 202 83 203 82 204 81 205 80 207 78 207 80 209 83 209 84 209 85 209 86 209 86 209 86 209 85 209 84 209 83 209 82 207 80 211 77 213 77 214 77 216 76 217 76;
40, 179 160 178 162 178 162;
41, 8 58 10 60 10 64 8 61 7 61 6 66 5 67 5 70 5 71 5 72 5 73 5 74 5 75 8 81 9 84 11 82 12 81 13 80 14 79 15 78 16 77 19 77 20 77 21 77 22 77 23 77 24 77 25 78 26 79 28 81 28 84 26 87 25 88 24 87 23 87 22 87 20 82 20 81 20 80 20 80;
42, 72 90 72 89 76 87 78 89 80 87 80 87;
43, 234 122 234 122;
44, 96 138 95 138 94 142 95 142 96 142 97 143 98 144 99 146 100 148 101 150 101 151 101 152 100 154 100 156 100 157 99 158 98 159 97 160 96 161 95 162 93 164 93 164;
45, 164 111 163 110 162 110 161 110 163 107 163 106 163 105 163 104 162 102 164 100 164 99 164 98 163 96 163 94 163 93 162 91 162 89 162 88 161 86 162 84 162 82 165 78 168 80 170 79 171 77 172 75 173 73 174 71 175 69 177 66 179 64 180 63 181 62 182 61 182 60 182 59 180 57 178 54 176 50 175 48 174 46 175 41 176 40 177 39 178 38 179 37 180 38 181 39 181 40 181 41 181 42 181 43 181 45 182 48 184 52 186 54 187 55 188 56 189 57 190 58 191 59 192 60 192 61 191 62 190 63 189 64 187 66 186 69 185 69 184 69 181 72 180 73 178 77 178 82 177 82 176 87 175 88 175 91 175 92 175 93 175 94 175 95 175 96 175 97 175 98 175 99 175 100 176 103 177 105;
46, 86 105 84 103 83 103 83 100 81 100 79 98 78 97 77 97 76 97 74 97 71 93 70 93 69 93 67 93 65 91 64 90 62 88 61 84 62 87 62 88 65 91 66 92 67 93 70 93 71 93 72 94 72 95 77 97 78 97 79 98 80 99 81 100 83 100 83 97 84 95;
47, 133 85 131 81 132 76 131 76 130 76 130 76 128 72 127 73 126 74 125 75 123 73 118 66 118 65;
48, 110 79 109 78 107 76 107 79;
49, 213 205 212 205 211 208 211 209 211 211 213 213 211 215 212 215 214 218 219 214 220 215 222 214 222 214 220 215 218 215 216 216 213 219 212 218 211 215 212 215 214 218 219 214 220 215 222 214 222 214 220 215 218 215 216 216 211 215 213 213 212 212 211 211 211 208 212 205 213 205 214 205 212 205 213 205 214 205 213 202 214 201 215 200 216 202 218 204 219 205 219 208 221 208 221 208;
50, 73 138 73 135 73 134 74 132;
51, 202 79 202 79;
52, 215 198 214 198 213 197;
53, 129 144 129 148 129 149 129 150 129 151 129 151;
54, 189 81 189 81 190 80 191 79 191 78 191 77 191 76 190 75 189 76 187 78 185 82 184 85 184 87 183 89 183 91 183 92 183 93 183 94 183 95 183 96 183 98 184 100 184 101 184 102 186 104 186 106 186 107 186 107 186 107 186 104 190 102 193 102 195 102 198 102 200 103 202 102 204 101 205 100 206 99 207 98 208 96 209 94 209 93 211 89 213 90 214 92 215 94 215 95 215 97 216 99 216 100 216 101 215 103 215 105 215 106 215 107 214 108 213 109 211 111 213 115 215 117 216 118 216 119 220 119 219 119 216 119 216 118 215 117 213 115 211 111 213 109 214 108 215 107 215 106 215 105 215 103 216 101 216 100 216 99 215 97 215 95 215 94 214 92 213 90 211 89 209 93 209 94 208 96 207 98 206 99 205 100 204 101 202 102 200 103 198 102 195 102 193 102 193 100;
55, 113 96 110 97 109 99 108 100 107 101 105 103 103 105 107 101 108 100 109 99 110 98 110 97 113 99 113 100 112 102 113 100 113 99 113 96 110 97 109 99 108 100 107 101 105 103 107 101 108 100 109 99 110 98 110 97 114 95 113 92 112 90 111 89 110 89 108 89 109 92 110 93 110 93;
56, 12 70 12 72 14 75 13 75 13 75;
57, 159 75 159 77 159 80 157 83 156 86 155 87 153 91 152 92 151 93 150 94 149 95 148 96 147 96 146 96 142 96 142 97 142 98 142 99 142 100 142 101 142 103 143 104;
58, 185 5 186 5 187 6 190 8 191 9 192 10 193 11 193 12 195 16 195 17 195 18 195 19 195 20 196 23 196 24 196 25 196 26 196 27 196 28 196 29 196 30 195 31 195 34 195 35 194 36 192 41 191 42 190 42 189 42 186 42 186 41 185 39 186 36 187 34 187 33 187 32 187 31 187 30 187 28 188 26 187 24 187 22 187 21 187 22 187 23 187 24 188 27 187 28 187 31 187 32 187 33 187 34 187 35 186 36 185 39 186 42 189 42 189 42 190 42 191 42 192 41 193 40 193 38 195 34 195 33 195 31 196 29 196 28 196 27 196 26 196 25 196 24 196 23 196 22 195 20 195 18 195 17 195 16 194 14 193 12 192 10 191 9 190 8 189 7 187 6 185 5 184 5 182 5 180 7 179 8 178 9 177 10 175 12 176 14 180 13 181 14 182 15 182 15;
59, 28 107 28 109 27 109 24 111 21 107 20 106 19 105 18 104 17 104 16 104 16 104;
60, 287 90 289 92 290 93 294 94 297 91 298 90 299 90 303 91 302 90 305 88 306 89 307 90 308 91 308 93 310 98 312 100 313 101 314 100 315 99 316 98 316 97 316 96 315 94 315 92 315 91 315 90 315 89 314 87 314 85 314 84 314 83 314 82 314 81 313 79 314 77 314 76 314 75 314 74 314 73 314 72 314 70 315 67 316 65 316 64 316 63 316 62 313 62 312 63 310 65 310 66 308 69 308 70 306 73 306 74 306 75 306 76 306 77 306 78 304 81 301 80 298 81;
61, 214 218 219 214 220 215 219 212 222 214 220 215 218 215 216 216 211 215 211 215;
62, 212 154 212 154 211 153 213 149 212 148 213 143 214 143 215 143 217 145 219 145 220 146 220 146;
63, 62 130 62 130;
64, 59 121 59 117 57 117 54 118 52 118 54 118 57 117 59 117 59 114 60 114 59 117 57 117 54 118 52 118 54 118 57 117 59 117 59 117;
65, 162 29 163 29 163 26 164 23 164 23 163 29 162 29 162 29 162 29 163 29 162 32 162 33 162 37 162 37;
66, 147 140 148 145 148 148 149 148 150 147 152 145 156 144 157 144 158 144 159 145 160 146 161 147 162 149 168 151 169 150 170 149 170 147 174 145 174 147 175 149 175 150 175 151 175 152 175 153 175 154 175 155 175 156 175 157 175 158 174 160 175 162 175 163 175 165 173 164 173 166 175 165 175 162 175 161 174 160 175 157 175 156 175 155 175 154 175 153 175 152 175 151 175 150 175 149 175 148 174 147 173 144 172 144 169 150 168 151 167 152 166 152 160 146 159 145 158 144 157 144 156 144 155 144 154 144 149 148 148 148 148 148;
67, 25 114 25 114;
68, 88 132 86 133 86 134 86 135 82 136 79 133 79 132 78 131 77 130 76 129 79 126 80 125 79 124 78 123 77 123 76 123 75 123 74 123 73 123 70 120 69 119 69 116 68 115 67 112 66 113 65 114 63 118 62 120 61 122 60 123 59 124 59 128 59 129 59 130 59 131 59 132 61 135 64 138 65 139 66 140 69 141 72 141 73 141 74 142 75 143 76 144 76 145 76 145;
69, 206 209 205 209 204 214 204 215 204 216 204 217 206 220 205 221 204 222 203 223 202 224 201 225 200 226 203 229 204 230 204 231 204 232 204 233 204 234 201 233 200 233 198 233 196 233 194 231 195 227 196 226 197 225 198 224 198 223 198 222 197 220 197 218 197 217 197 216 196 214 196 212 196 211 196 210 196 209 196 208 196 207 196 206 196 204 197 202 197 201 197 200 197 198 198 196 198 194 200 192 201 190 204 186 203 186 202 186 199 185 197 183 196 183 195 183 192 181 191 181 188 178 187 177 185 174 183 170 182 168 182 165 181 164 181 161 181 160 181 159 181 158 181 157 182 154 182 154;
70, 259 66 256 65 255 65 253 69 252 70 251 75 251 76 251 77 252 80 252 81 252 82 252 83 252 84 252 85 251 86 251 89 250 89 247 92 246 92 245 92 244 92 243 92 242 92 241 92 240 92 239 92 236 89 235 88 234 87 232 83 232 80 232 79 232 78 232 77 232 76 232 75 238 73 238 74 241 75 244 73 245 72 245 71 247 67 250 64 251 63 252 62 253 61 254 60 255 59 256 58 259 60 260 61 261 62 262 61 266 59 267 58 267 57 266 56 265 55 264 54 268 49 269 48 272 48 273 48 274 48 275 48 276 49 279 51 280 52 283 54 284 55 285 56 286 57 287 58 286 59 285 60 283 63 282 64 285 67 286 68 289 70 292 70 292 70 292 70 294 74 293 74 292 74 292 74;
71, 43 54 42 54 40 54 36 59 35 58 34 59 33 60 30 60 28 59 27 59 26 59 23 56 22 55 21 55 21 55 18 58 16 58 14 60 14 63 13 64 12 65 15 68 16 67 17 68 18 69 19 68 22 68 23 68 24 68 25 68 26 68 27 68 28 69 31 70 32 71 33 72 36 70 36 69 36 68 39 65 39 64 42 61 43 60 44 59 45 60 48 60 49 61 50 62 50 63 49 65 47 65 45 66 42 69 41 70 40 71 38 75 37 78 37 81 36 82 42 82 43 81 44 80 47 78 48 77 49 76 50 75 50 74 51 71 53 68 57 65 58 62 60 60 65 59 66 59 67 59 68 59 69 59 69 59 69 59;
72, 114 61 115 60 120 60 120 60 120 60;
73, 6 128 6 130 5 132 6 128 6 130 9 128 11 128 11 128 12 131 12 131 9 128 9 130 6 130 6 128 6 128 6 130 5 133 4 134 5 137 7 142 8 142 9 142 10 143 10 144 15 145 16 146 17 147 18 148 19 149 20 150 20 151 20 152 20 152;
74, 173 38 173 38;
75, 12 138 14 140 14 142 14 142;
76, 15 83 15 83 15 84 15 85 15 86 15 87 15 88 14 91 11 96 10 102 12 103 11 103 10 103 9 103 7 103 5 105 4 106 4 106 4 106 7 103 8 103 9 103 10 103 11 103 12 103 11 106 11 110 9 110 7 112 6 113 4 116 4 119 4 119 8 120 12 115 13 114 13 113 13 112 13 111 13 110 13 109 13 108 13 107 13 106 13 105 13 104 13 103 13 102 16 99 17 98 18 97 19 97;
77, 21 133 19 136 23 137 24 140 22 138 21 139 20 139 19 139 18 139 18 139;
78, 118 102 118 102;
79, 118 158 118 157 118 156 118 155 117 154 116 153 112 143 111 143 110 146 112 147 114 150 116 153 118 155 118 156 118 157 118 158 118 158 118 158 118 157 118 156 118 155 117 154 116 153 114 145;
80, 7 87 7 87;
81, 57 133 55 136 53 139 53 139 53 143 51 143 49 145 55 150 57 152 58 151 62 149 64 148 67 148 68 149 71 150 74 152 75 153 76 154 77 155 77 156 77 157 78 158;
82, 208 149 208 149;
83, 28 158 30 156 33 154 33 153 33 152 33 151 33 150 37 149 36 146 38 144 38 143 39 140 39 139 39 138 41 134 43 131 44 128 44 127 44 127 40 129 39 129 34 130 33 130 33 130 33 130 34 130 33 128 35 126 35 124 34 123 38 123 38 123 38 123 38 122 36 121 35 126 34 129 33 128 33 130 33 130 33 130 34 130 33 133 33 134 33 135 33 137 34 140 35 143 37 144 36 146 38 144 38 143 39 140 39 139 39 138 41 134 43 131 44 128 44 127 44 127 44 127 44 128 44 129 43 131 41 134 39 138 39 140 39 141 38 143 38 145 36 146 35 150 33 150 33 152 33 153 33 154 33 156 33 156;
84, 135 92 135 94 135 94;
85, 212 180 212 179 212 179;
86, 30 60 28 59 27 59 26 59 23 56 22 55 21 55 19 54 18 58 16 58 14 60 14 63 13 64 12 65 15 68 16 67 17 68 18 69 19 68 22 68 23 68 24 68 25 68 26 68 27 68 28 69 31 70 32 71 33 72 36 70 36 69 36 68 39 65 39 64 42 61 43 60 44 59 45 60 48 60 49 61 50 62 50 63 50 63;
87, 121 84 120 84 118 90 117 91 118 95 118 96 118 97 118 98 121 99 124 97 129 96 130 96 131 97 132 98 135 98 136 98 137 99 137 100 137 101 135 101 137 101 137 101 137 100 137 99 136 98 135 98 134 98 132 98 130 96 129 96 128 96 126 96 121 99 118 98 118 96 118 95 118 94 117 91 118 89 118 87 123 81 123 78 123 77 123 77 123 73 126 74 127 73 128 72 129 71 126 69 128 65;
88, 70 163 69 162 69 162;
89, 239 103 239 103 241 107 244 104 245 104 246 104 247 105 248 106 249 107 250 109 251 111 252 113 252 115 254 117 255 116 256 115 257 114 257 112 259 108 261 106 262 105 263 104 264 103 266 101 268 101 269 101 270 101 271 101 272 101 274 99 276 98 277 97 278 96 278 95 278 93 279 91 279 90 279 89 279 88 279 87 279 86 279 85 278 83 278 81 278 80 277 79 276 78 275 77 273 78 267 76 269 74 270 73 270 72 273 73 273 72 273 71 273 71 273 71 273 73 276 72 277 72 273 71 273 71 273 72 273 73 270 72 270 73 270 79 273 78 274 78 275 77 276 78 277 79 278 80 278 83 279 84 279 85 279 86 279 87 279 88 279 89 279 90 278 93 278 94 278 95 278 96 277 97 274 99 273 100 272 101 271 101 270 101 269 101 266 101 265 102 264 103 263 104 262 105 259 108 257 112 257 113 257 114 256 115 255 116 252 115 252 114 252 113 250 109 250 108 249 107 248 106 247 105 246 104 241 105 241 107 239 106 236 107 234 105 233 105 231 105 229 103 228 102 227 101 225 99 224 97 222 93 222 91 222;
90, 78 95 79 94 84 95 83 97 81 100 79 98 78 97 77 97 76 97 74 97 71 93 70 93 69 93 67 93 65 91 64 90 62 88 61 84 62 87 62 88 65 91 66 92 67 93 70 93 71 93 72 94 72 95 77 97 78 97 79 98 80 99 81 100 83 100 83 97 84 93 85 92 87 90 91 93 93 97 94 97 94 100 93 100 91 104 89 107 88 108 87 109 86 110 85 110 84 110 83 110 82 110 81 110 79 104 78 103 78 101 74 100 73 100 72 101 71 102 70 101 69 100 68 99 65 99 64 98 61 95 61 94 60 93 59 92 58 91 57 90 56 89 55 88 54 87 53 86 52 85 51 84 48 81;
91, 169 22 170 23 169 25 167 30 167 33 167 34 170 35 171 34 172 33 173 32 175 31;
92, 68 111 65 106 68 103 68 103 68 103 67 104 65 106 63 108 62 110 62 110 58 108 56 104 55 102 55 101;
93, 163 47 163 47 162 43 162 40 162 37 162 37 162 37 163 36 162 33 163 29 162 29 162 29 162 29 163 29 163 26 164 23 164 23;
94, 114 150 118 155 118 156 118 157 118 158 116 158 115 157 114 156 113 155 111 153 108 155 111 160 112 161 113 162 114 163 115 164 118 164 119 163 123 161 124 160 125 159 126 158 127 157 128 156 128 155 131 156 132 155 133 154 134 153 135 152 136 151 137 150 137 149 138 146 138 145 138 144 138 143 138 142 138 141 138 140 138 139 137 138 135 134 135 131 135 130 135 127 134 127 131 125 130 125 129 125 128 125 126 125 125 125 124 125 119 129 118 130 117 131 116 132 115 133 118 138 118 138 120 134 122 131 124 129 128 128 130 129 132 130 132 131 132 134 129 135 129 137 130 139 129 139 128 139 128 139;
95, 52 118 54 118 57 117 59 117 59 117 59 117 57 117 54 118 55 112 54 112 53 112 53 112 53 108 50 103 48 101 46 98 45 97 44 96 43 95 42 94 41 93 38 91 41 91 41 93 43 95 44 96 45 97 46 98 47 99 48 101 48 101 46 98 45 97 44 96 43 95 42 94 41 93 44 91 44 91 45 91 46 91 48 93 50 91 50 88 50 88;
96, 209 72 209 70 212 66 214 69 215 69 216 71 215 71 215 71 215 71 216 71 216 74 217 76 216 76 213 77 212 77 211 77 207 78 209 83 209 84 209 85 209 86 209 86;
97, 159 57 159 58 159 59 159 60 159 61 159 62 159 64 160 66 160 68 160 70 158 68 157 67 155 63 154 62 159 57 159 57 159 58 159 59 159 60 159 61 159 62 159 64 160 66 160 68 160 70 164 73 164 75 164 75;
98, 193 112 192 113 191 114 190 115 189 115 184 119 183 120 182 121 182 125 182 125 182 125 183 125 182 128 182 130 182 132 181 135 181 135 180 139 180 139 180 142 182 141 183 140 183 139 186 139 190 136 191 135 192 134 192 133 192 132 191 131 191 128 190 127 190 124 190 123 194 118 195 117 196 116 197 115 198 114 198 113 200 109 200 108 200 107 200 106 200 106;
99, 223 123 225 126 225 127 225 128 227 132 226 132 226 132 226 136 224 139 222 142 224 146 224 147 224 148 224 149 224 150 224 151 224 152 224 153 224 154 223 155 222 156 225 159 226 160 227 161 228 162 228 163 227 164 227 167 226 168 226 171 231 171 232 170 235 172 236 173 237 174 238 175 239 176 240 177 241 178 241 179 241 180 241 181 241 182 241 183 242 187 242 187;
100, 34 75 35 80 34 81 33 81 33 81 33 81 34 81 33 84 33 85 33 87 34 89 34 91 34 91;
101, 146 135 147 131 146 131 146 131 146 131 147 131 148 131 147 130 146 124 146 123 146 123 146 123 146 124 146 125 146 127 147 131 146 131 146 131 146 131 147 131 148 131 150 134 150 135 155 140 159 140 161 138 162 137 162 136 163 133 164 130 164 129 164 128 170 127 171 128 173 128 173 128 173 132 172 131 173 128 171 128 168 126 170 127 171 128 173 128 174 126 174 124 174 123 174 122 174 121 173 120 173 117 173 116 173 115 172 114 170 111 173 110 174 109 175 108 178 108 179 109 179 110 179 110 179 110 179 109 178 108 177 108 175 108 173 110 172 111 170 111 171 108 171 108;
102, 123 156 122 154 121 154 117 148 116 146 116 143 116 142 116 141 116 140 116 139 118 138 118 137 116 135 117 131 118 130 119 129 120 128 122 126 126 125 128 125 129 125 130 125 131 125 132 125 134 127 136 128 135 130 135 132 135 134 137 138 138 140 138 141 138 142 138 143 138 144 138 145 138 146 138 147 137 149 136 151 135 152 134 153 133 154 132 155 131 156 130 155 128 155 127 157 126 158 125 159 124 160 123 161 121 162 119 163 117 164 115 164 113 162 112 161 111 160 110 159 109 158 108 155 110 151 106 151 104 153 103 156 103 159 103 160 103 163 102 163 99 166 98 167 97 168 96 169 95 170 94 170 93 170 92 170 91 170 90 170 85 166 84 165 87 162 90 164 93 164 95 162 96 161 97 160 98 159 99 158 100 157 100 156 100 155 100 154 101 151 101 150 101 149 100 148 98 144 97 143 96 142 95 142 94 142 93 142 93 142 93 142 94 142 95 142 96 142 97 143 98 144 99 146 100 148 101 150 101 151 101 152 100 154 100 156 100 157 99 158 98 159 97 160 96 161 95 162 93 164 90 164 89 163 87;
103, 193 86 191 91 190 92 189 92 188 88 187 88 188 85 189 85 188 88 187 88 187 88 187 88 188 88 187 91 189 92 191 91 192 90 192 89 193 83 195 80 198 77 199 76 199 75 202 75 204 72 204 71 206 68 205 68 204 68 204 68 204 72 204 71 206 68 205 68 204 68 204 68 204 68 205 68 206 68 205 66 204 66 204 63 204 61 209 62 210 63 211 62 212 61 212 60 212 59 212 58 212 57 212 56 212 55 212 54 211 53 210 49 212 48 214 48 216 49 218 50 219 51 220 53 223 57 221 54 220 53 218 50 217 49 216 49 213 48 212 48 211 52 211 53 212 55 212 56 212 57 212 58 212 59 212 60 212 61 211 62 210 63 209 62 207 61 204 61 202 61 201 61 200 61 199 61 198 61 197 61 196 61 195 61 195 61;
104, 208 132 207 130 206 129 205 124 204 124 203 124 203 124;
